1.070832314602088386e+00 1.189938842782787720e+00 1.994327308806300492e+00 1.405080211399927226e+00 1.376999301883157667e+00 2.196265823691558428e+00
1.149461467009531779e+00 1.290818080632252451e+00 2.133135829578611808e+00 1.423814784558366631e+00 1.255791242168887489e+00 1.998120166007266940e+00
1.201262019818230664e+00 1.337300484587515159e+00 2.176980906287813600e+00 1.595619879247118567e+00 1.461303041329224284e+00 2.262644889506880475e+00
9.065097000059217924e-01 9.818264963704961268e-01 1.614659677240262603e+00 1.182847051412265538e+00 1.201289622095440990e+00 1.951028647793319637e+00
1.525638374746627335e+00 1.305811200545676343e+00 2.100426591857888159e+00 2.504161815141334291e+00 2.145012718961432974e+00 3.178673635847094836e+00
1.567413583251990650e+00 1.508796209168451918e+00 2.417346474245681165e+00 2.574058286636502935e+00 2.307006471028909100e+00 3.460294322778472598e+00
1.530971913734414880e+00 1.348699355733236516e+00 2.103519431390509897e+00 2.500121936962981017e+00 2.162879117249784766e+00 3.222331168384830136e+00
9.378412654824157535e-01 9.490803673453754863e-01 1.532381905032089264e+00 2.109971156293787509e+00 1.965940200457504838e+00 3.013222162722846598e+00
1.166165880249584896e+00 1.201552140097409183e+00 1.962635281491383221e+00 2.459114408357212067e+00 2.308114785517932255e+00 3.531542525113711140e+00
9.239918074228455902e-01 9.084705972928254214e-01 1.481780147152817806e+00 2.266535297398534432e+00 2.188896977754117845e+00 3.510021369825099491e+00
1.069371367808524598e+00 1.063066951979943608e+00 1.738379356875689563e+00 2.419480887290881732e+00 2.200284662239844646e+00 3.409297352758405619e+00
1.007121212968729251e+00 9.811895118415139283e-01 1.595340644325022872e+00 2.538093164072658059e+00 2.440129285500522993e+00 3.857993004026657680e+00
9.799527333082411751e-01 9.706437244320182955e-01 1.534637077802028848e+00 2.452981392965145613e+00 2.365957638901004856e+00 3.848197107623622770e+00
8.542775133735871496e-01 8.487421250464384226e-01 1.305927559902131607e+00 2.505781808033699765e+00 2.502938969796152602e+00 4.117933614374245543e+00
8.461715586617108986e-01 7.911691812938245194e-01 1.231247727819344551e+00 2.539189932786730441e+00 2.559624309395331032e+00 4.217046195356649818e+00
8.952185464152364602e-01 8.579549242364457040e-01 1.314730200828124085e+00 2.634401320903242194e+00 2.570855616455072656e+00 4.194131117797806674e+00
5.511999321467219159e-01 5.779561599072851052e-01 8.762146707394793399e-01 1.008535211848789581e+00 8.452464745829084691e-01 1.281048858700353676e+00
2.903699125924913971e-01 3.060401923009856695e-01 4.867296507926843763e-01 1.006851622004527380e+00 8.352954176250770857e-01 1.298918092956345971e+00
3.174033262167600400e-01 3.088175161070048635e-01 4.928255694149335508e-01 9.622382164792845360e-01 8.255313621076100228e-01 1.314753284839939473e+00
2.611783481402139007e-01 2.868475109785310617e-01 4.631652991980690914e-01 1.045783816881044492e+00 8.578090290499768011e-01 1.290471970396561030e+00
2.546387682959672660e-01 2.686200960583969288e-01 4.279176089984466635e-01 9.950986016538548862e-01 8.298093480413251122e-01 1.294757083350583482e+00
5.595440956158197476e-01 4.780024456832457358e-01 7.516772269670164430e-01 1.195400591803781332e+00 9.737626135435228925e-01 1.455346412867135397e+00
4.715005268308399833e-01 4.710652397891135768e-01 7.571093306470547679e-01 1.178110130663607480e+00 1.011343202711582956e+00 1.545265400212375351e+00
6.083650787367859136e-01 6.155079148074030782e-01 1.002918731766812455e+00 1.378451182297083077e+00 1.161768397523674778e+00 1.831224779629035959e+00
5.370013963849412653e-01 5.522031517531442724e-01 8.818468081604309283e-01 1.406925649681724622e+00 1.177560749317597688e+00 1.829954611162226907e+00
5.796955603244918764e-01 6.080283575878467905e-01 9.877082869633867501e-01 1.520617278214100310e+00 1.312974963421331021e+00 2.018646436809607092e+00
1.138488937063974138e+00 1.093457906048110218e+00 1.744186120656432193e+00 3.087314910208350138e+00 3.041584589016029128e+00 4.782592155776664633e+00
9.703885756809630392e-01 8.783588613269500689e-01 1.345311718609470297e+00 2.446472544634433532e+00 2.327397653409648992e+00 3.580551487551954626e+00
1.148206256026885530e+00 1.245994702516581398e+00 1.939406169758517429e+00 2.433468874776119506e+00 2.543933701654073509e+00 4.055930123539249976e+00
9.138007304074133863e-01 8.865871360599842932e-01 1.388850108578581821e+00 2.353905948565512496e+00 2.408968487337501685e+00 3.844660764135322317e+00
1.418975509097029519e+00 1.446287241936090595e+00 2.376090568732263986e+00 2.179887290049816961e+00 2.212147950383434480e+00 3.493487305974830814e+00
7.099209802627404198e-01 6.011580903964459655e-01 9.601633831963896082e-01 1.837091142511661168e+00 1.721284252602341525e+00 2.621321324808048026e+00
6.576618140032437498e-01 6.030441117180826982e-01 9.840505586950304417e-01 1.946749073709864497e+00 1.801107526563910266e+00 2.728234138535976072e+00
6.724932745735975326e-01 5.964814699545372134e-01 9.555727035956211868e-01 1.954893837792991196e+00 1.749288165332413270e+00 2.705958374273374822e+00
7.235183389961855616e-01 7.001167776982665236e-01 1.146668060081406759e+00 1.865154824651563681e+00 1.661094755703425019e+00 2.549962569181691840e+00
7.733042489260052443e-01 6.973562596608804398e-01 1.120466375747708243e+00 2.030240195940679726e+00 1.869474320719997307e+00 2.920001983143645230e+00
1.053506269614283175e+00 7.854922061430285041e-01 1.176478312805417481e+00 2.138406862308815715e+00 2.112667224393112608e+00 3.192691734436786000e+00
1.211431975013992135e+00 9.676063828542316170e-01 1.447919872802523766e+00 2.088393305190266780e+00 1.927642922521713986e+00 3.039711511559257673e+00
8.477867297705202754e-01 6.716131036901565876e-01 1.032153667035722977e+00 1.889043241938291651e+00 1.615372578312279872e+00 2.520734596585552545e+00
7.893187100153239433e-01 6.456209234725297508e-01 9.939238685463539502e-01 1.754879208226148846e+00 1.537343121260447143e+00 2.411605616585829726e+00
8.379716268717533056e-01 7.623864511615748851e-01 1.222703163950604521e+00 1.782219469707494008e+00 1.626265679400105579e+00 2.563069690530234812e+00
3.003297403952051026e-01 2.273258316960120040e-01 3.112151071566662819e-01 5.243790509698202928e-01 4.066291365991306361e-01 5.748244928960845046e-01
2.450687542007677910e-01 1.776582881456184315e-01 2.512537516996964371e-01 3.792045060092598119e-01 2.908246878505922894e-01 4.081335368338986358e-01
2.389378597372851798e-01 1.619636135031352342e-01 2.198629949272891682e-01 4.368007330104075603e-01 3.057423491776265490e-01 3.980479356913766420e-01
2.888503375592590405e-01 2.458733415356901542e-01 3.665968498859350500e-01 5.371569455417053440e-01 4.175237458876010499e-01 5.467132978807240917e-01
2.334874874094635955e-01 2.014153300424441073e-01 3.061501623637461478e-01 4.038578787240133527e-01 3.005920872744605732e-01 4.485763387700857918e-01
3.304131317259927925e-01 3.102092164290440324e-01 4.732899705548473390e-01 4.840293024820522816e-01 4.309000125026620220e-01 6.801918840589782356e-01
3.058516015180632874e-01 2.608402803496948086e-01 3.949559668712415705e-01 5.469834403013704716e-01 4.537263892783587327e-01 7.031993656965058737e-01
1.726074210504266460e-01 1.317727075707170736e-01 1.873206954449952721e-01 2.712883325438710802e-01 1.997154185807888394e-01 2.897944040178000447e-01
1.586812269523559249e-01 1.196729150072319559e-01 1.702002164911374238e-01 2.786673995887393729e-01 2.104633105183300601e-01 2.986378150366351680e-01
1.142568425496081064e-01 8.364874254345278093e-02 1.150571848739729147e-01 1.873193287375452820e-01 1.330320818352129231e-01 1.891875539614049362e-01
1.678850737467148246e-01 1.281349721441384093e-01 1.928658427796249852e-01 2.611328960358207385e-01 1.943776950286173755e-01 2.856164038256789328e-01
1.820000061501570177e-01 1.404692763582435777e-01 2.059843957137294512e-01 2.838600152082155215e-01 1.991173160243924212e-01 2.855933737537841299e-01
1.158706809482431321e+00 8.656529845994440642e-01 1.346658706626330915e+00 1.739715520488194223e+00 1.436131155060162312e+00 2.147297022144742051e+00
9.375582895526383131e-01 7.046029539647625795e-01 1.056926280666787399e+00 1.458264508041085206e+00 1.196776153647686192e+00 1.723419934986022639e+00
1.063741210031373674e+00 7.860708150222990298e-01 1.174716209035468140e+00 1.647885251280564400e+00 1.252937858737200871e+00 1.852467209879125054e+00
1.146111412586895195e+00 8.960909123350409011e-01 1.381393238078919117e+00 1.640438919972055043e+00 1.303577875220461868e+00 1.927304840117111784e+00
9.779279493979814442e-01 7.538320194322561951e-01 1.144562883680601217e+00 1.578746954222048693e+00 1.271327049612336335e+00 1.887543620769309261e+00
1.991174732357746391e-01 1.677784024328500823e-01 2.365690750764209427e-01 4.734928334468371247e-01 3.040042662098838555e-01 3.800413314201495640e-01
2.401587200995437266e-01 2.099782442666721094e-01 3.008464876886841055e-01 5.944354574796757440e-01 4.016034170564879435e-01 5.038761021069144697e-01
3.119298948662143633e-01 3.018451073659562667e-01 4.613688292529665169e-01 5.916173715980949099e-01 4.142890647154967576e-01 5.280369537404535629e-01
2.255415862221517853e-01 1.924788298383818819e-01 2.808598184011643073e-01 5.170151059574331631e-01 3.243917531141222166e-01 3.964653710191172742e-01
3.060346525977655774e-01 3.022972563405189605e-01 4.518693546360286750e-01 5.749018997433189559e-01 3.922370801825097453e-01 4.787532964501755584e-01
3.922084268564398069e-01 2.636716651272296152e-01 3.844424266942991775e-01 7.388913127856600038e-01 5.679878777793174738e-01 7.996470858426830697e-01
4.385144195199913719e-01 2.904337430407115117e-01 4.261975078712543774e-01 8.232967007109771584e-01 6.575890677407847384e-01 9.437027105879877142e-01
4.599979825954862434e-01 3.034044505415631754e-01 4.401497605005196267e-01 7.485749905828057438e-01 6.095173709020688113e-01 8.802838497939401430e-01
3.812673407988606544e-01 2.755379031173414428e-01 4.084456692000474343e-01 8.099693928962863332e-01 6.815957310070271946e-01 9.993356215410692522e-01
3.851802669320449346e-01 2.929186071168892180e-01 4.485902166577968031e-01 7.770433165307708556e-01 6.535352414406899735e-01 9.731421760235281493e-01
4.450461143848490342e-01 3.202323252143318144e-01 4.872169737611890539e-01 8.501521543668090208e-01 7.193345551784560143e-01 1.048086853220192571e+00
7.717336235437851633e-01 8.272964453220171821e-01 1.271613791351538847e+00 1.323264834124950218e+00 1.184371140336863304e+00 1.792738594901147620e+00
5.772103128605140521e-01 5.610175023999584010e-01 8.682628928450961681e-01 1.126408091230897135e+00 9.963570943232995525e-01 1.505758845233396981e+00
5.988170546671540695e-01 5.724261215872212816e-01 8.812537163880506119e-01 1.168816014547036986e+00 1.118169960169844490e+00 1.753505896798398300e+00
4.734667620962829671e-01 4.432045400897706156e-01 6.858412439107380854e-01 1.093439051144888596e+00 1.205771247768270937e+00 2.055599824418854027e+00
3.694425598071538475e-01 3.158925477968193563e-01 4.891301835512391061e-01 9.497480997803448011e-01 1.077392164213053949e+00 1.791323267619191695e+00
4.754841828980231888e-01 3.772886371910825209e-01 5.893086012238485383e-01 7.417100427232581339e-01 6.192488936652547071e-01 9.290248229585087447e-01
6.254401765515891221e-01 5.407209805432841021e-01 8.304648285112155026e-01 1.174401114030726889e+00 1.002797205167087258e+00 1.517580750034982051e+00
9.037651833585734762e-01 7.088947211492009348e-01 1.069780813946578757e+00 1.409643184328265519e+00 1.168784847491708412e+00 1.736806694723186828e+00
7.065644385285352325e-01 5.516175403312866266e-01 8.330915219600550925e-01 1.349687238360156361e+00 1.071275244486902700e+00 1.552565870002059922e+00
5.801044887800166361e-01 4.412926412791129960e-01 6.536533606690724252e-01 1.268431122083839346e+00 1.058375053790357345e+00 1.536976150614124625e+00
6.816391063276543427e-01 5.289204066152641825e-01 7.986306291037895688e-01 1.385759170855772382e+00 1.114423991987872897e+00 1.667381961886354569e+00
3.710020634802846384e-01 4.568640759874402768e-01 8.012024055740084583e-01 6.811214964257621407e-01 7.059034193096360710e-01 1.171911737249553109e+00
0.000000000000000000e+00 0.000000000000000000e+00 0.000000000000000000e+00 6.114701097766866988e-01 5.043999565037919908e-01 7.390055529078235486e-01
2.087143416774919769e-01 1.126786974240858719e-01 1.547299194763404884e-01 2.361277594563436499e-01 1.769792062416714606e-01 2.389719815436107120e-01
8.180785336433663568e-01 6.794742428004429957e-01 1.027901982033536887e+00 1.431191452692474497e+00 1.270613858170285049e+00 2.004478809078122925e+00
8.107113854185291624e-01 6.970930658844365357e-01 1.051132414282515137e+00 1.370119240147785300e+00 1.203717626026956866e+00 1.911584580040452730e+00
7.230972079005221209e-01 6.060571736407663890e-01 9.244408609183283332e-01 1.187460367524968197e+00 1.063273238283256150e+00 1.696385028889071389e+00
7.482772347836227356e-01 6.495751622387895274e-01 9.668426497513699092e-01 1.296649942684544810e+00 1.151181201208785865e+00 1.869417359255561184e+00
7.588439651159365473e-01 6.503155237168251057e-01 9.824076652427080614e-01 1.240090096289192090e+00 1.105239191212380678e+00 1.771623072847003710e+00
5.402257706378900126e-01 4.436663878577811193e-01 6.962856245167055036e-01 1.009652360732275378e+00 7.932634594836469599e-01 1.189925289464362823e+00
5.395268053820976295e-01 4.498465838729249766e-01 7.232869449501858616e-01 9.779767694583619830e-01 7.980546822369289917e-01 1.220345454084935222e+00
4.959361201141880837e-01 3.747135606492550952e-01 5.841756890063782848e-01 8.892190825194911108e-01 7.159603199903616932e-01 1.080095383383243846e+00
7.349434139678555633e-01 9.844900199312166533e-01 1.681455997524077262e+00 1.457316255161476004e+00 1.485527404185168265e+00 2.262820496798737757e+00
8.263679788223492473e-01 1.048601243470373534e+00 1.794463099939597184e+00 1.669330239587493603e+00 1.574496534161024197e+00 2.369468970759243565e+00
8.832791274313490648e-01 1.213228649663333103e+00 2.034096457429696247e+00 1.697584176095581432e+00 1.683079829111846504e+00 2.586659050906905399e+00
7.405129215126453612e-01 9.910313544098429128e-01 1.693943258516890982e+00 1.434953705244348177e+00 1.354254009521693947e+00 2.046496596762045872e+00
6.348761203084285487e-01 8.430705471796386963e-01 1.419571590401347283e+00 1.333006174205359162e+00 1.217498485131647490e+00 1.837132345600074546e+00
